18 0.11875 0.18515625 0.1890625 0.3140625
20 0.5015625 0.1828125 0.1875 0.31796875
19 0.31328125 0.496875 0.18515625 0.29453125
24 0.12109375 0.79921875 0.18828125 0.3046875
21 0.69296875 0.4953125 0.18515625 0.30625
23 0.5015625 0.80234375 0.1875 0.3078125
23 0.88046875 0.7953125 0.1796875 0.3015625
7 0.69296875 0.1859375 0.18515625 0.3125
8 0.88203125 0.190625 0.1796875 0.31796875
6 0.5015625 0.5 0.184375 0.30078125
10 0.3125 0.79765625 0.1828125 0.3109375
11 0.69296875 0.803125 0.18046875 0.29765625