12 0.15 0.23671875 0.171875 0.265625
13 0.3328125 0.5046875 0.17421875 0.25859375
14 0.51171875 0.76875 0.1703125 0.2609375
15 0.6953125 0.50234375 0.17109375 0.265625
16 0.878125 0.23125 0.16953125 0.2609375
17 0.5125 0.234375 0.16640625 0.2640625
18 0.87421875 0.4984375 0.178125 0.2671875
19 0.14765625 0.76953125 0.16640625 0.2625
20 0.15 0.5046875 0.17109375 0.2609375
21 0.3328125 0.2328125 0.17890625 0.2671875
22 0.69296875 0.22890625 0.175 0.25703125
23 0.51328125 0.5015625 0.175 0.2640625
24 0.69375 0.77109375 0.17109375 0.2625
5 0.33203125 0.77109375 0.17109375 0.271875