19 0.33203125 0.771875 0.175 0.2765625
19 0.6953125 0.7703125 0.1828125 0.2640625
19 0.69296875 0.225 0.16953125 0.2734375
20 0.8765625 0.22578125 0.17890625 0.265625
21 0.5140625 0.22890625 0.17109375 0.26875
22 0.15078125 0.5078125 0.18203125 0.2609375
15 0.51328125 0.76953125 0.17109375 0.275
15 0.51171875 0.50234375 0.17890625 0.26015625
14 0.6953125 0.50078125 0.16796875 0.24453125
14 0.8765625 0.50546875 0.1671875 0.265625
14 0.33046875 0.228125 0.1640625 0.25859375
6 0.14609375 0.2296875 0.18203125 0.25859375
6 0.33125 0.5015625 0.16796875 0.25546875
6 0.15 0.77109375 0.1734375 0.275