19 0.14921875 0.2296875 0.1671875 0.2671875
19 0.51328125 0.23203125 0.17578125 0.2625
22 0.6953125 0.2296875 0.1671875 0.25859375
20 0.8765625 0.23046875 0.17421875 0.25703125
20 0.5140625 0.50078125 0.1734375 0.25703125
19 0.15234375 0.778125 0.17578125 0.2765625
6 0.15 0.50078125 0.17109375 0.2625
10 0.33359375 0.765625 0.16640625 0.2703125
7 0.51171875 0.76875 0.178125 0.2640625
9 0.69375 0.503125 0.171875 0.2671875
15 0.33046875 0.496875 0.17421875 0.2609375
3 0.33046875 0.22421875 0.17578125 0.265625
1 0.8765625 0.49453125 0.1828125 0.25078125
0 0.8765625 0.7640625 0.175 0.2671875
14 0.69453125 0.77421875 0.1796875 0.271875