3 0.14609375 0.2203125 0.17578125 0.28046875
1 0.690625 0.22109375 0.1796875 0.271875
4 0.5109375 0.77109375 0.175 0.265625
9 0.146875 0.49921875 0.18125 0.26015625
7 0.3328125 0.49921875 0.171875 0.265625
7 0.1484375 0.77109375 0.17421875 0.265625
6 0.87578125 0.76953125 0.17734375 0.2625
15 0.51171875 0.23125 0.1734375 0.2703125
16 0.8765625 0.23203125 0.1734375 0.25078125
14 0.87421875 0.49921875 0.1734375 0.26015625
15 0.515625 0.2328125 0.1828125 0.2703125
20 0.69453125 0.5046875 0.17578125 0.2734375