19 0.15078125 0.228125 0.171875 0.2703125
21 0.33359375 0.2296875 0.1703125 0.25859375
19 0.51171875 0.23359375 0.17109375 0.271875
22 0.69609375 0.23125 0.1734375 0.2609375
20 0.878125 0.2359375 0.175 0.2609375
19 0.33359375 0.50546875 0.1703125 0.25703125
20 0.51484375 0.50078125 0.1703125 0.26015625
18 0.8765625 0.4984375 0.17421875 0.25234375
23 0.878125 0.77109375 0.17890625 0.265625
24 0.69765625 0.775 0.171875 0.2609375
19 0.3328125 0.77265625 0.1703125 0.26015625
19 0.14921875 0.771875 0.1734375 0.2671875
6 0.14765625 0.503125 0.16796875 0.25859375
7 0.51328125 0.77109375 0.17890625 0.26875
13 0.69375 0.50234375 0.1734375 0.2625