22 0.1453125 0.228125 0.18515625 0.2765625
19 0.515625 0.23359375 0.178125 0.265625
18 0.33125 0.5015625 0.18203125 0.2703125
24 0.69609375 0.5 0.1734375 0.2609375
23 0.87890625 0.23046875 0.17578125 0.275
20 0.69609375 0.7703125 0.175 0.2609375
21 0.1484375 0.7703125 0.17578125 0.2640625
7 0.1484375 0.5015625 0.18203125 0.2703125
8 0.33125 0.77109375 0.175 0.2625
9 0.51328125 0.77109375 0.178125 0.26875
10 0.51484375 0.50078125 0.16953125 0.25703125
5 0.878125 0.50078125 0.1703125 0.265625
6 0.6953125 0.23203125 0.17421875 0.2625
11 0.33203125 0.228125 0.16953125 0.2703125