19 0.328125 0.23359375 0.17109375 0.271875
19 0.51171875 0.22734375 0.175 0.2625
20 0.1484375 0.5015625 0.16796875 0.2640625
18 0.32578125 0.50078125 0.16796875 0.26015625
18 0.5109375 0.7734375 0.17421875 0.2609375
20 0.515625 0.50390625 0.1796875 0.265625
19 0.6953125 0.771875 0.17421875 0.25859375
21 0.69375 0.49609375 0.16796875 0.25703125
23 0.878125 0.50078125 0.175 0.265625
9 0.87734375 0.23359375 0.17578125 0.25703125
10 0.334375 0.7703125 0.1671875 0.2640625
8 0.146875 0.7734375 0.175 0.25859375
17 0.88046875 0.77578125 0.18125 0.26875