19 0.32734375 0.2296875 0.17109375 0.2734375
19 0.51328125 0.23125 0.19140625 0.2796875
19 0.87578125 0.22421875 0.1828125 0.28359375
15 0.15234375 0.23359375 0.16953125 0.25390625
15 0.1484375 0.4984375 0.17734375 0.2609375
13 0.14765625 0.775 0.17421875 0.2671875
13 0.6953125 0.50546875 0.1671875 0.265625
14 0.5109375 0.50546875 0.1828125 0.265625
8 0.87890625 0.50546875 0.17890625 0.2625
8 0.69453125 0.775 0.171875 0.2609375
9 0.8796875 0.77421875 0.1734375 0.26015625
2 0.6984375 0.22421875 0.1640625 0.275
1 0.3328125 0.76328125 0.171875 0.265625