11 0.15078125 0.23203125 0.171875 0.26015625
7 0.14765625 0.4984375 0.1703125 0.2609375
9 0.33125 0.5015625 0.16953125 0.2640625
10 0.5125 0.2328125 0.1640625 0.25546875
6 0.509375 0.4921875 0.16015625 0.25234375
5 0.3328125 0.771875 0.17421875 0.2671875
8 0.51484375 0.775 0.17734375 0.2703125
18 0.87734375 0.49765625 0.16796875 0.26015625
19 0.15078125 0.77109375 0.171875 0.271875
21 0.33359375 0.23359375 0.1640625 0.26015625
22 0.69765625 0.2328125 0.1703125 0.2609375
24 0.69375 0.77421875 0.16328125 0.2625
16 0.87890625 0.23359375 0.17421875 0.25390625
15 0.6953125 0.50234375 0.171875 0.26015625