6 0.14765625 0.22734375 0.178125 0.265625
6 0.33046875 0.5015625 0.175 0.2609375
6 0.146875 0.77265625 0.17734375 0.271875
14 0.33125 0.23203125 0.17421875 0.26875
14 0.6953125 0.4984375 0.17890625 0.2703125
14 0.87734375 0.50078125 0.171875 0.2625
15 0.5125 0.50234375 0.171875 0.25703125
15 0.5125 0.775 0.17421875 0.2734375
19 0.33046875 0.77421875 0.17734375 0.271875
19 0.696875 0.7734375 0.18125 0.2640625
19 0.6953125 0.22421875 0.1734375 0.2625
20 0.87734375 0.23046875 0.17578125 0.271875
21 0.51328125 0.22734375 0.1703125 0.28359375
22 0.15 0.49921875 0.17578125 0.26875