19 0.1484375 0.23203125 0.1703125 0.265625
21 0.3328125 0.23359375 0.1734375 0.265625
19 0.51171875 0.2296875 0.178125 0.2671875
22 0.6984375 0.23515625 0.16640625 0.26015625
20 0.88046875 0.23828125 0.178125 0.26875
20 0.51328125 0.50703125 0.1703125 0.265625
19 0.15078125 0.76796875 0.16953125 0.26015625
19 0.33046875 0.76875 0.1671875 0.2671875
24 0.69765625 0.77265625 0.16953125 0.25078125
23 0.878125 0.77109375 0.1703125 0.2625
6 0.14921875 0.496875 0.1671875 0.2640625
7 0.51328125 0.7734375 0.1734375 0.2609375
15 0.32890625 0.50234375 0.16796875 0.26015625
13 0.69296875 0.50546875 0.17734375 0.2625