0 0.14453125 0.22578125 0.18203125 0.278125
19 0.32890625 0.22578125 0.18125 0.278125
19 0.515625 0.23046875 0.17578125 0.26875
19 0.328125 0.49765625 0.17890625 0.2625
19 0.69765625 0.7703125 0.17578125 0.2640625
19 0.51484375 0.7734375 0.1796875 0.25859375
13 0.5125 0.5046875 0.17421875 0.2640625
13 0.33125 0.77578125 0.17734375 0.275
13 0.14921875 0.50859375 0.1734375 0.265625
7 0.69375 0.5 0.1828125 0.2609375
7 0.6953125 0.22734375 0.178125 0.26015625
2 0.8765625 0.22578125 0.16171875 0.2625
2 0.87734375 0.49296875 0.1703125 0.25703125