7 0.5109375 0.23125 0.18984375 0.2796875
7 0.7 0.228125 0.175 0.2734375
7 0.7 0.77421875 0.178125 0.278125
8 0.3328125 0.5 0.16640625 0.25859375
8 0.33046875 0.7671875 0.1625 0.2671875
9 0.5140625 0.5015625 0.17734375 0.2734375
12 0.6953125 0.49921875 0.1703125 0.26015625
15 0.878125 0.22890625 0.17734375 0.271875
18 0.875 0.5015625 0.1828125 0.2640625
20 0.878125 0.77109375 0.1875 0.26875
20 0.5109375 0.76796875 0.1796875 0.26875
20 0.146875 0.77109375 0.18671875 0.26015625
22 0.15 0.49765625 0.18125 0.26875