19 0.69609375 0.23046875 0.17109375 0.26875
19 0.69765625 0.76953125 0.17109375 0.26875
19 0.33125 0.76796875 0.1734375 0.26015625
22 0.15234375 0.50078125 0.17109375 0.26015625
13 0.5125 0.50546875 0.1640625 0.26015625
13 0.32890625 0.22890625 0.165625 0.26015625
13 0.1484375 0.2296875 0.17578125 0.2609375
13 0.8765625 0.5 0.16796875 0.25859375
6 0.14921875 0.77265625 0.175 0.265625
6 0.33203125 0.50078125 0.1734375 0.265625
1 0.87890625 0.2296875 0.17421875 0.2671875
1 0.6921875 0.49921875 0.171875 0.25703125
1 0.5078125 0.76796875 0.17109375 0.2625