21 0.146875 0.23203125 0.17578125 0.278125
20 0.15234375 0.7703125 0.16953125 0.2671875
12 0.32890625 0.22734375 0.175 0.275
14 0.32890625 0.50234375 0.1859375 0.271875
14 0.33359375 0.771875 0.17578125 0.2671875
14 0.696875 0.50078125 0.17109375 0.25078125
16 0.87890625 0.22734375 0.17578125 0.2625
6 0.69609375 0.2328125 0.1671875 0.2609375
7 0.87734375 0.49921875 0.171875 0.26875
6 0.8765625 0.7703125 0.1734375 0.2671875
5 0.6953125 0.76953125 0.17578125 0.271875
3 0.5140625 0.2296875 0.175 0.28203125