7 0.51328125 0.228125 0.17109375 0.2671875
7 0.69609375 0.228125 0.17890625 0.2734375
7 0.6921875 0.77109375 0.17578125 0.26875
9 0.5125 0.503125 0.17578125 0.2671875
8 0.33203125 0.50078125 0.18125 0.26875
8 0.3296875 0.77109375 0.16796875 0.271875
15 0.878125 0.23203125 0.1796875 0.275
12 0.69375 0.50078125 0.175 0.2625
18 0.878125 0.50390625 0.18125 0.26875
20 0.8765625 0.77265625 0.18671875 0.265625
20 0.5109375 0.771875 0.17578125 0.25859375
20 0.14765625 0.7703125 0.18359375 0.2609375
22 0.146875 0.5015625 0.1796875 0.2609375