3 0.14453125 0.221875 0.171875 0.2640625
3 0.509375 0.76484375 0.17109375 0.25703125
5 0.33046875 0.22890625 0.17734375 0.278125
8 0.51171875 0.2296875 0.171875 0.2671875
7 0.87421875 0.49765625 0.17734375 0.2625
6 0.8765625 0.7671875 0.17421875 0.2640625
5 0.6953125 0.7703125 0.17734375 0.2609375
7 0.328125 0.76875 0.1734375 0.2671875
7 0.146875 0.76953125 0.17109375 0.26875
21 0.1484375 0.49921875 0.178125 0.26875
20 0.50859375 0.50078125 0.1796875 0.25390625
13 0.69375 0.2265625 0.1828125 0.2734375
14 0.69140625 0.4984375 0.17421875 0.25859375