17 0.15 0.23125 0.1734375 0.2765625
13 0.69375 0.77109375 0.18515625 0.275
6 0.3328125 0.23125 0.17421875 0.2640625
7 0.51796875 0.22734375 0.16328125 0.275
7 0.6921875 0.2265625 0.16953125 0.2640625
7 0.33125 0.49765625 0.17421875 0.25390625
7 0.1484375 0.49921875 0.175 0.26015625
2 0.5109375 0.50078125 0.171875 0.25390625
2 0.69453125 0.4984375 0.18203125 0.2640625
1 0.87265625 0.7703125 0.17421875 0.24921875
20 0.878125 0.2296875 0.1796875 0.2734375
20 0.14609375 0.7671875 0.17890625 0.2671875
21 0.8765625 0.5015625 0.18359375 0.25234375
4 0.3296875 0.76640625 0.17421875 0.26875