22 0.1484375 0.2328125 0.16953125 0.2671875
21 0.146875 0.76953125 0.175 0.25703125
18 0.33203125 0.503125 0.17734375 0.2671875
19 0.5125 0.23203125 0.1703125 0.26015625
24 0.69296875 0.50078125 0.17734375 0.265625
20 0.69765625 0.771875 0.178125 0.25859375
23 0.878125 0.23203125 0.171875 0.265625
11 0.33203125 0.23046875 0.1734375 0.265625
7 0.14765625 0.503125 0.1703125 0.25234375
10 0.5109375 0.5015625 0.16953125 0.2640625
8 0.33046875 0.7671875 0.175 0.2640625
9 0.51015625 0.76796875 0.17734375 0.2625
5 0.87578125 0.503125 0.18125 0.2671875
6 0.69375 0.234375 0.1875 0.25859375