17 0.15078125 0.23203125 0.16796875 0.265625
6 0.3296875 0.2296875 0.171875 0.2703125
7 0.5140625 0.22734375 0.17890625 0.26015625
7 0.69375 0.22890625 0.1703125 0.2625
7 0.1484375 0.50078125 0.1734375 0.265625
7 0.3296875 0.496875 0.1703125 0.25859375
2 0.51171875 0.4984375 0.16953125 0.25859375
2 0.6921875 0.49765625 0.171875 0.25078125
1 0.87734375 0.76953125 0.17421875 0.2625
4 0.3296875 0.7625 0.16640625 0.25859375
13 0.69453125 0.77578125 0.178125 0.26875
20 0.15 0.77109375 0.178125 0.26015625