2 0.32890625 0.22578125 0.18125 0.28359375
2 0.878125 0.49609375 0.18359375 0.25703125
2 0.69453125 0.77421875 0.178125 0.25703125
3 0.509375 0.4984375 0.171875 0.25859375
3 0.5109375 0.7640625 0.18125 0.2609375
7 0.5109375 0.2265625 0.178125 0.2640625
7 0.69375 0.2296875 0.18359375 0.2640625
8 0.33203125 0.7703125 0.17890625 0.2640625
8 0.15078125 0.77578125 0.1796875 0.271875
20 0.1484375 0.23046875 0.18671875 0.28046875
20 0.6921875 0.5015625 0.17890625 0.2609375
14 0.8765625 0.77265625 0.17734375 0.26875
14 0.14453125 0.5046875 0.1875 0.2640625