20 0.1484375 0.2296875 0.17109375 0.2703125
20 0.696875 0.50078125 0.17734375 0.26015625
19 0.87890625 0.22734375 0.16796875 0.26875
19 0.5125 0.2296875 0.1625 0.25859375
19 0.14765625 0.50234375 0.17421875 0.26015625
22 0.33203125 0.503125 0.17109375 0.2703125
7 0.33203125 0.775 0.16953125 0.2609375
14 0.87578125 0.77421875 0.175 0.265625
0 0.328125 0.2234375 0.17109375 0.2734375
1 0.50859375 0.4921875 0.1703125 0.25546875
2 0.69140625 0.221875 0.196875 0.2765625
3 0.87734375 0.4984375 0.17578125 0.2703125
4 0.6953125 0.76953125 0.17890625 0.26875