14 0.87265625 0.76875 0.18125 0.2671875
14 0.5125 0.503125 0.17421875 0.2609375
14 0.51484375 0.22890625 0.171875 0.26015625
7 0.8796875 0.49375 0.18125 0.2703125
7 0.33515625 0.22890625 0.175 0.278125
2 0.68828125 0.221875 0.1734375 0.25546875
2 0.87421875 0.22578125 0.17734375 0.2625
2 0.6921875 0.496875 0.17578125 0.25859375
2 0.1453125 0.76796875 0.17734375 0.26875
3 0.33046875 0.5015625 0.17109375 0.25234375
20 0.51796875 0.771875 0.18515625 0.2703125
20 0.33046875 0.77265625 0.17890625 0.26875