20 0.1484375 0.5 0.18671875 0.2640625
20 0.14609375 0.7703125 0.17109375 0.2703125
20 0.69609375 0.77421875 0.16953125 0.26875
20 0.88203125 0.7703125 0.1734375 0.28203125
19 0.33046875 0.77421875 0.1703125 0.271875
7 0.3328125 0.23125 0.17734375 0.2734375
7 0.5125 0.23125 0.16796875 0.2703125
7 0.88046875 0.50234375 0.17109375 0.25078125
6 0.69296875 0.23203125 0.17734375 0.278125
12 0.8765625 0.23046875 0.18671875 0.278125
12 0.6953125 0.5046875 0.171875 0.25859375
14 0.5109375 0.49765625 0.17734375 0.2625