13 0.1453125 0.2296875 0.16953125 0.2609375
14 0.1484375 0.77265625 0.171875 0.2625
19 0.3328125 0.23125 0.17578125 0.2640625
19 0.14921875 0.50078125 0.175 0.26875
19 0.69453125 0.5015625 0.1796875 0.2640625
20 0.33125 0.76875 0.171875 0.25859375
21 0.6953125 0.7671875 0.18515625 0.2609375
21 0.69609375 0.2328125 0.1828125 0.2671875
21 0.88515625 0.23515625 0.17421875 0.275
7 0.334375 0.50546875 0.15625 0.26015625
7 0.51171875 0.50234375 0.175 0.25390625
2 0.51328125 0.22578125 0.1671875 0.265625
3 0.5109375 0.76875 0.16796875 0.2609375
3 0.87890625 0.77421875 0.17421875 0.25390625