6 0.1484375 0.2265625 0.178125 0.2671875
6 0.51328125 0.228125 0.18359375 0.2640625
6 0.33125 0.77421875 0.17578125 0.26875
19 0.33203125 0.228125 0.1671875 0.29765625
19 0.6984375 0.23359375 0.17578125 0.271875
19 0.884375 0.22734375 0.17890625 0.28671875
19 0.15390625 0.7625 0.1734375 0.2671875
19 0.33125 0.49765625 0.18125 0.271875
13 0.69375 0.50078125 0.175 0.25078125
13 0.69375 0.7671875 0.16796875 0.25859375
13 0.51484375 0.77109375 0.17421875 0.26875
1 0.14296875 0.4953125 0.17734375 0.2609375
1 0.5125 0.50078125 0.171875 0.25390625
0 0.875 0.49921875 0.1703125 0.2359375
0 0.875 0.7609375 0.18515625 0.2640625