20 0.14609375 0.2296875 0.178125 0.2734375
20 0.69375 0.49765625 0.18125 0.271875
19 0.878125 0.22578125 0.18359375 0.278125
19 0.69375 0.2234375 0.18359375 0.2734375
19 0.51328125 0.22578125 0.1796875 0.28359375
19 0.3328125 0.21953125 0.17734375 0.28515625
19 0.1453125 0.5 0.175 0.2609375
19 0.1515625 0.77109375 0.171875 0.2625
22 0.33203125 0.50390625 0.175 0.265625
3 0.50859375 0.50078125 0.16015625 0.25390625
3 0.5109375 0.76796875 0.1671875 0.25703125
3 0.69140625 0.7703125 0.1671875 0.25234375
2 0.8765625 0.50390625 0.1734375 0.2625
7 0.33046875 0.7765625 0.16796875 0.2671875
14 0.8765625 0.771875 0.175 0.2609375