7 0.15234375 0.23125 0.171875 0.2671875
7 0.3265625 0.22578125 0.16015625 0.265625
7 0.51328125 0.22734375 0.178125 0.278125
7 0.69921875 0.22578125 0.1796875 0.271875
7 0.5125 0.5046875 0.17578125 0.25234375
7 0.69921875 0.775 0.1640625 0.2640625
9 0.8765625 0.50078125 0.17421875 0.25703125
9 0.33359375 0.771875 0.17421875 0.2640625
10 0.15 0.7703125 0.17734375 0.2734375
14 0.88125 0.2265625 0.17421875 0.2671875
14 0.328125 0.5015625 0.175 0.2640625
15 0.69140625 0.50546875 0.16796875 0.25703125
2 0.146875 0.49921875 0.178125 0.24453125