18 0.51171875 0.50234375 0.1796875 0.2625
20 0.5140625 0.23359375 0.16953125 0.271875
20 0.8765625 0.23125 0.18359375 0.2703125
14 0.8796875 0.76875 0.175 0.2796875
14 0.69453125 0.50625 0.178125 0.2703125
14 0.6921875 0.22734375 0.1734375 0.275
0 0.87890625 0.4984375 0.18359375 0.24609375
0 0.33046875 0.765625 0.175 0.2609375
1 0.14453125 0.22109375 0.16953125 0.271875
2 0.33046875 0.4984375 0.178125 0.25546875
2 0.509375 0.76796875 0.16953125 0.2625
3 0.1421875 0.490625 0.17109375 0.2609375
7 0.1484375 0.76953125 0.18359375 0.26875
7 0.32890625 0.2234375 0.1796875 0.2703125