15 0.15 0.23203125 0.18203125 0.278125
15 0.69609375 0.23359375 0.17421875 0.26875
21 0.6921875 0.5078125 0.1703125 0.25234375
19 0.51171875 0.5015625 0.18203125 0.25859375
19 0.15078125 0.50390625 0.17578125 0.26015625
22 0.3328125 0.23203125 0.17890625 0.275
0 0.51328125 0.2234375 0.16640625 0.2671875
3 0.87578125 0.50625 0.1828125 0.25546875
3 0.509375 0.765625 0.1828125 0.25859375
3 0.33046875 0.76796875 0.1734375 0.25703125
6 0.15078125 0.77109375 0.17578125 0.2625
8 0.3328125 0.50234375 0.1671875 0.2625
8 0.87734375 0.77421875 0.18203125 0.2625