14 0.69375 0.22578125 0.1703125 0.2625
14 0.87421875 0.22734375 0.178125 0.26015625
14 0.6953125 0.503125 0.17109375 0.25546875
2 0.8765625 0.4921875 0.16015625 0.24921875
2 0.87421875 0.76953125 0.16640625 0.25390625
2 0.5109375 0.76484375 0.1671875 0.24453125
20 0.6984375 0.76875 0.178125 0.2640625
20 0.3328125 0.765625 0.1703125 0.2671875
20 0.15078125 0.765625 0.175 0.2609375
20 0.33046875 0.228125 0.17578125 0.2765625
20 0.515625 0.228125 0.1703125 0.2640625
7 0.5109375 0.5 0.171875 0.25234375
7 0.14765625 0.4984375 0.178125 0.2609375
8 0.14609375 0.22734375 0.175 0.26875