7 0.15234375 0.2234375 0.17734375 0.2609375
7 0.1484375 0.49921875 0.1796875 0.2625
7 0.3296875 0.49609375 0.16796875 0.25703125
8 0.5125 0.4953125 0.1640625 0.2640625
8 0.51171875 0.7765625 0.17421875 0.2734375
8 0.696875 0.77109375 0.16953125 0.265625
9 0.878125 0.49765625 0.1703125 0.265625
20 0.32890625 0.23359375 0.1578125 0.271875
21 0.5140625 0.22890625 0.1734375 0.278125
16 0.8765625 0.22890625 0.18515625 0.25703125
16 0.8765625 0.77265625 0.1734375 0.26875
15 0.33046875 0.7703125 0.1734375 0.2640625