20 0.1484375 0.23125 0.175 0.2734375
20 0.15 0.50234375 0.17734375 0.25078125
20 0.1515625 0.77578125 0.18203125 0.26875
20 0.51328125 0.771875 0.17890625 0.2609375
20 0.69921875 0.77109375 0.17109375 0.2625
20 0.88203125 0.7671875 0.17890625 0.2609375
19 0.33125 0.775 0.171875 0.2734375
12 0.87890625 0.2359375 0.17109375 0.2671875
12 0.69765625 0.50234375 0.1640625 0.265625
14 0.5109375 0.50078125 0.1734375 0.24453125
7 0.87890625 0.49921875 0.178125 0.25390625
7 0.3328125 0.2328125 0.175 0.2703125
7 0.5140625 0.2296875 0.17109375 0.2703125
6 0.6953125 0.2296875 0.1703125 0.25546875