7 0.14765625 0.2234375 0.18203125 0.2640625
7 0.15078125 0.5015625 0.178125 0.2640625
7 0.875 0.4984375 0.175 0.2640625
6 0.509375 0.5015625 0.18203125 0.2609375
10 0.33046875 0.49765625 0.1640625 0.265625
19 0.3296875 0.2296875 0.16640625 0.2671875
19 0.15 0.76875 0.17109375 0.2609375
20 0.33046875 0.76796875 0.171875 0.271875
20 0.5140625 0.23203125 0.1890625 0.271875
20 0.6953125 0.76953125 0.1734375 0.26015625
13 0.87734375 0.23125 0.1796875 0.2671875
13 0.696875 0.23046875 0.16328125 0.2625
14 0.69375 0.5046875 0.1625 0.25234375
14 0.8765625 0.77265625 0.17890625 0.265625