8 0.51171875 0.50234375 0.19140625 0.271875
8 0.69609375 0.22890625 0.17890625 0.2625
8 0.146875 0.77265625 0.1859375 0.271875
15 0.1484375 0.23515625 0.1703125 0.26875
15 0.15 0.50546875 0.17890625 0.26015625
15 0.5109375 0.2296875 0.175 0.2703125
15 0.33515625 0.77265625 0.17578125 0.28359375
15 0.6953125 0.77734375 0.178125 0.25703125
3 0.33046875 0.21796875 0.17890625 0.2671875
3 0.33359375 0.49453125 0.16796875 0.26015625
3 0.6953125 0.5015625 0.159375 0.24921875
21 0.878125 0.23359375 0.1796875 0.275
21 0.878125 0.5046875 0.190625 0.25859375
21 0.88046875 0.7734375 0.1890625 0.25234375
21 0.51328125 0.7765625 0.18125 0.2609375