22 0.14765625 0.22734375 0.1796875 0.29296875
22 0.33359375 0.21875 0.178125 0.278125
22 0.3359375 0.50546875 0.17734375 0.2625
22 0.14765625 0.7734375 0.1796875 0.28203125
16 0.87734375 0.2296875 0.17578125 0.2765625
9 0.88359375 0.50078125 0.178125 0.271875
9 0.51328125 0.22734375 0.17109375 0.26875
9 0.33046875 0.7734375 0.16640625 0.2703125
9 0.69140625 0.7703125 0.17109375 0.2640625
9 0.14765625 0.5 0.1703125 0.25859375
4 0.875 0.771875 0.17421875 0.25234375
4 0.6921875 0.503125 0.1671875 0.25546875
4 0.5109375 0.50234375 0.16328125 0.25390625