4 0.8765625 0.77109375 0.17578125 0.2625
4 0.5125 0.77109375 0.16640625 0.26875
4 0.32890625 0.7640625 0.17421875 0.2609375
4 0.509375 0.49140625 0.175 0.2625
4 0.14609375 0.49609375 0.17890625 0.26015625
9 0.696875 0.77109375 0.1734375 0.26015625
16 0.32890625 0.50078125 0.16796875 0.26015625
17 0.3265625 0.2265625 0.1859375 0.2703125
4 0.6921875 0.22734375 0.17421875 0.25390625
20 0.5140625 0.228125 0.16953125 0.2609375
22 0.69453125 0.496875 0.178125 0.2765625
22 0.87890625 0.50078125 0.18125 0.265625