14 0.6953125 0.22890625 0.1828125 0.278125
14 0.69453125 0.50546875 0.178125 0.2625
14 0.1453125 0.2328125 0.18515625 0.28203125
7 0.33125 0.22578125 0.1671875 0.26015625
20 0.5125 0.22734375 0.17578125 0.26875
20 0.87890625 0.2328125 0.178125 0.2671875
20 0.15234375 0.76796875 0.17109375 0.265625
19 0.33203125 0.771875 0.17109375 0.2703125
19 0.690625 0.775 0.178125 0.2703125
19 0.88203125 0.78203125 0.18125 0.2796875
19 0.878125 0.5015625 0.18125 0.24921875
18 0.51328125 0.50234375 0.16953125 0.25390625
21 0.5125 0.7796875 0.17578125 0.278125
3 0.3296875 0.49921875 0.171875 0.25078125