20 0.14453125 0.2234375 0.17890625 0.2765625
20 0.69609375 0.503125 0.18359375 0.2703125
19 0.33046875 0.22890625 0.17421875 0.26875
19 0.5109375 0.23125 0.175 0.2734375
19 0.69765625 0.22890625 0.17734375 0.26875
19 0.87890625 0.23515625 0.171875 0.25703125
19 0.1453125 0.5015625 0.17734375 0.25546875
19 0.15 0.771875 0.18515625 0.25234375
21 0.51171875 0.503125 0.175 0.2640625
22 0.33125 0.503125 0.17734375 0.25546875
22 0.5125 0.7734375 0.17578125 0.25859375
7 0.33125 0.76953125 0.1671875 0.2625
9 0.87734375 0.50234375 0.16640625 0.26015625
9 0.6921875 0.77265625 0.1703125 0.24765625
14 0.875 0.775 0.17421875 0.25546875