1 0.87421875 0.76171875 0.175 0.26875
2 0.87578125 0.4984375 0.1671875 0.25234375
19 0.878125 0.23125 0.18515625 0.2640625
19 0.68984375 0.228125 0.1859375 0.2671875
19 0.15 0.76953125 0.17734375 0.2625
20 0.33671875 0.7734375 0.18359375 0.2734375
18 0.33046875 0.5015625 0.1875 0.2640625
6 0.515625 0.2328125 0.1703125 0.2703125
12 0.1484375 0.2359375 0.18515625 0.28203125
13 0.69140625 0.50625 0.1703125 0.2640625
13 0.51953125 0.7734375 0.16796875 0.2609375
13 0.69609375 0.775 0.1703125 0.2609375
14 0.32890625 0.228125 0.17109375 0.2671875