0 0.146875 0.5 0.175 0.2640625
0 0.51328125 0.771875 0.1734375 0.2609375
0 0.69296875 0.4953125 0.1734375 0.25546875
1 0.6953125 0.77109375 0.16953125 0.2625
1 0.87890625 0.7703125 0.17890625 0.2609375
2 0.15078125 0.76640625 0.17890625 0.26875
13 0.878125 0.5046875 0.17890625 0.2609375
14 0.69375 0.22734375 0.17578125 0.275
18 0.51484375 0.23125 0.17421875 0.2703125
18 0.33125 0.23046875 0.17421875 0.275
18 0.32890625 0.7703125 0.1703125 0.2609375
20 0.14765625 0.22578125 0.17421875 0.26875
20 0.33046875 0.5015625 0.1796875 0.25546875
20 0.5125 0.49765625 0.1703125 0.25078125