13 0.15078125 0.2296875 0.17734375 0.2765625
7 0.14921875 0.5015625 0.1734375 0.25234375
8 0.33203125 0.2265625 0.1578125 0.25859375
8 0.51484375 0.76640625 0.16640625 0.26875
8 0.69453125 0.775 0.178125 0.2703125
8 0.87421875 0.4921875 0.18125 0.25234375
21 0.51171875 0.2328125 0.17890625 0.2640625
19 0.878125 0.77421875 0.17421875 0.278125
1 0.5078125 0.49296875 0.178125 0.24453125
1 0.3328125 0.496875 0.16953125 0.24921875
3 0.33125 0.7703125 0.16640625 0.25859375
4 0.14765625 0.7703125 0.178125 0.25234375