19 0.87890625 0.50234375 0.17421875 0.26015625
21 0.69609375 0.765625 0.17734375 0.2640625
21 0.5140625 0.23203125 0.1734375 0.26875
21 0.15234375 0.225 0.16953125 0.2765625
15 0.69296875 0.50078125 0.1734375 0.25390625
15 0.6921875 0.221875 0.17421875 0.2640625
15 0.3328125 0.2265625 0.1703125 0.2703125
6 0.33046875 0.77109375 0.17109375 0.271875
6 0.88203125 0.23125 0.19296875 0.2734375
8 0.15078125 0.4984375 0.175 0.25234375
8 0.51171875 0.5 0.175 0.25546875
7 0.15 0.76875 0.1859375 0.2734375
1 0.33046875 0.50234375 0.175 0.26015625
3 0.5109375 0.76953125 0.178125 0.265625