1 0.51015625 0.2203125 0.17109375 0.2734375
1 0.69609375 0.4984375 0.175 0.25859375
1 0.5140625 0.76796875 0.165625 0.25703125
2 0.6953125 0.77109375 0.171875 0.26875
2 0.8765625 0.228125 0.1828125 0.2609375
6 0.328125 0.503125 0.1671875 0.25859375
6 0.15 0.50234375 0.18125 0.26875
6 0.153125 0.771875 0.16953125 0.25859375
7 0.14765625 0.225 0.1703125 0.2609375
13 0.87734375 0.5 0.18203125 0.2765625
19 0.3328125 0.2265625 0.175 0.2796875
19 0.5109375 0.49765625 0.1796875 0.271875
13 0.33125 0.775 0.178125 0.2640625