21 0.14921875 0.23125 0.17890625 0.2734375
21 0.51328125 0.23203125 0.19375 0.271875
21 0.69765625 0.5078125 0.17734375 0.25234375
19 0.878125 0.22734375 0.1828125 0.275
15 0.5203125 0.771875 0.178125 0.2765625
14 0.3328125 0.5015625 0.16953125 0.25546875
13 0.15234375 0.775 0.17109375 0.25546875
13 0.87890625 0.775 0.18125 0.2671875
9 0.33046875 0.2265625 0.1671875 0.2671875
8 0.14921875 0.50390625 0.18125 0.25703125
6 0.878125 0.50625 0.16796875 0.25546875
3 0.696875 0.771875 0.165625 0.25546875
4 0.3265625 0.7640625 0.1796875 0.25546875
4 0.5109375 0.50234375 0.17890625 0.26015625